INFO [06-13|13:13:33.783] stateObjects                             address=0xA1E4380A3B1f749673E270229993eE55F35663b4 object="&{address:[161 228 56 10 59 31 116 150 115 226 112 34 153 147 238 85 243 86 99 180] addrHash:[239 110 188 120 215 59 133 220 124 129 175 92 222 13 24 167 166 242 106 110 203 59 116 197 137 46 141 192 82 232 77 119] data:{Nonce:3 Balance:0xc0051b2c20 Root:[86 232 31 23 27 204 85 166 255 131 69 230 146 192 248 110 91 72 224 27 153 108 173 192 1 98 47 181 227 99 180 33] CodeHash:[197 210 70 1 134 247 35 60 146 126 125 178 220 199 3 192 229 0 182 83 202 130 39 59 123 250 216 4 93 133 164 112]} db:0xc0053c4380 trie:<nil> code:[] originStorage:map[] pendingStorage:map[] dirtyStorage:map[] dirtyCode:false suicided:false deleted:false}"
INFO [06-13|13:13:33.783] stateAccounts                            address=0xA1E4380A3B1f749673E270229993eE55F35663b4 balance=1,996,775,199,999,999,905,989      nonce=3 codeHash="[197 210 70 1 134 247 35 60 146 126 125 178 220 199 3 192 229 0 182 83 202 130 39 59 123 250 216 4 93 133 164 112]"
INFO [06-13|13:13:33.784] "测试中间根"                                  root=0xb4b462e3f1894d4d2c50f18b23b22792bdc95abf09061e662a1c0b7293eedebe txExtraRoot=0xb4b462e3f1894d4d2c50f18b23b22792bdc95abf09061e662a1c0b7293eedebe
INFO [06-13|13:13:33.784] stateObjects                             address=0xA1E4380A3B1f749673E270229993eE55F35663b4 object="&{address:[161 228 56 10 59 31 116 150 115 226 112 34 153 147 238 85 243 86 99 180] addrHash:[239 110 188 120 215 59 133 220 124 129 175 92 222 13 24 167 166 242 106 110 203 59 116 197 137 46 141 192 82 232 77 119] data:{Nonce:3 Balance:0xc0051b2c20 Root:[86 232 31 23 27 204 85 166 255 131 69 230 146 192 248 110 91 72 224 27 153 108 173 192 1 98 47 181 227 99 180 33] CodeHash:[197 210 70 1 134 247 35 60 146 126 125 178 220 199 3 192 229 0 182 83 202 130 39 59 123 250 216 4 93 133 164 112]} db:0xc0053c4380 trie:<nil> code:[] originStorage:map[] pendingStorage:map[] dirtyStorage:map[] dirtyCode:false suicided:false deleted:false}"
INFO [06-13|13:13:33.784] stateAccounts                            address=0xA1E4380A3B1f749673E270229993eE55F35663b4 balance=1,996,775,199,999,999,905,989      nonce=3 codeHash="[197 210 70 1 134 247 35 60 146 126 125 178 220 199 3 192 229 0 182 83 202 130 39 59 123 250 216 4 93 133 164 112]"
INFO [06-13|13:13:33.784] "PostState循环"                            root=0xb4b462e3f1894d4d2c50f18b23b22792bdc95abf09061e662a1c0b7293eedebe address=0x9a049f5d18C239EfAA258aF9f3E7002949a977a0

ERROR[06-13|13:13:33.784] State_processor Failed to decode state object addr=0x9a049f5d18C239EfAA258aF9f3E7002949a977a0 err=EOF


INFO [06-13|13:13:33.784] stateObjects                             address=0xA1E4380A3B1f749673E270229993eE55F35663b4 object="&{address:[161 228 56 10 59 31 116 150 115 226 112 34 153 147 238 85 243 86 99 180] addrHash:[239 110 188 120 215 59 133 220 124 129 175 92 222 13 24 167 166 242 106 110 203 59 116 197 137 46 141 192 82 232 77 119] data:{Nonce:3 Balance:0xc0051b2c20 Root:[86 232 31 23 27 204 85 166 255 131 69 230 146 192 248 110 91 72 224 27 153 108 173 192 1 98 47 181 227 99 180 33] CodeHash:[197 210 70 1 134 247 35 60 146 126 125 178 220 199 3 192 229 0 182 83 202 130 39 59 123 250 216 4 93 133 164 112]} db:0xc0053c4380 trie:<nil> code:[] originStorage:map[] pendingStorage:map[] dirtyStorage:map[] dirtyCode:false suicided:false deleted:false}"
INFO [06-13|13:13:33.784] stateAccounts                            address=0xA1E4380A3B1f749673E270229993eE55F35663b4 balance=1,996,775,199,999,999,905,989      nonce=3 codeHash="[197 210 70 1 134 247 35 60 146 126 125 178 220 199 3 192 229 0 182 83 202 130 39 59 123 250 216 4 93 133 164 112]"
INFO [06-13|13:13:33.784] "PostState循环"                            root=0xb4b462e3f1894d4d2c50f18b23b22792bdc95abf09061e662a1c0b7293eedebe address=0xA1E4380A3B1f749673E270229993eE55F35663b4

INFO [06-13|13:13:33.784] stateObjects                             address=0xA1E4380A3B1f749673E270229993eE55F35663b4 object="&{address:[161 228 56 10 59 31 116 150 115 226 112 34 153 147 238 85 243 86 99 180] addrHash:[239 110 188 120 215 59 133 220 124 129 175 92 222 13 24 167 166 242 106 110 203 59 116 197 137 46 141 192 82 232 77 119] data:{Nonce:4 Balance:0xc0051b3100 Root:[86 232 31 23 27 204 85 166 255 131 69 230 146 192 248 110 91 72 224 27 153 108 173 192 1 98 47 181 227 99 180 33] CodeHash:[197 210 70 1 134 247 35 60 146 126 125 178 220 199 3 192 229 0 182 83 202 130 39 59 123 250 216 4 93 133 164 112]} db:0xc0053c4380 trie:<nil> code:[] originStorage:map[] pendingStorage:map[] dirtyStorage:map[] dirtyCode:false suicided:false deleted:false}"
INFO [06-13|13:13:33.784] stateAccounts                            address=0xA1E4380A3B1f749673E270229993eE55F35663b4 balance=1,996,535,199,999,999,905,989      nonce=4 codeHash="[197 210 70 1 134 247 35 60 146 126 125 178 220 199 3 192 229 0 182 83 202 130 39 59 123 250 216 4 93 133 164 112]"
INFO [06-13|13:13:33.784] "PostState循环"                            root=0xa46b0f41fceb96abf5b5c357e199de2eabbce5d675baafde9b147a5cd1b5feec address=0x01434e4Ac3238bEC44a39ad642aBaBBB68D097e6



INFO [06-13|13:13:33.784] stateObjects                             address=0x01434e4Ac3238bEC44a39ad642aBaBBB68D097e6 object="&{address:[1 67 78 74 195 35 139 236 68 163 154 214 66 171 171 187 104 208 151 230] addrHash:[99 207 170 23 57 77 223 233 236 106 39 70 212 157 38 241 126 69 77 54 71 200 96 249 252 47 58 224 134 164 9 131] data:{Nonce:0 Balance:0xc0051b3280 Root:[86 232 31 23 27 204 85 166 255 131 69 230 146 192 248 110 91 72 224 27 153 108 173 192 1 98 47 181 227 99 180 33] CodeHash:[197 210 70 1 134 247 35 60 146 126 125 178 220 199 3 192 229 0 182 83 202 130 39 59 123 250 216 4 93 133 164 112]} db:0xc0053c4380 trie:<nil> code:[] originStorage:map[] pendingStorage:map[] dirtyStorage:map[] dirtyCode:false suicided:false deleted:false}"
INFO [06-13|13:13:33.785] stateAccounts                            address=0x01434e4Ac3238bEC44a39ad642aBaBBB68D097e6 balance=309,615,000,000,000,000,000        nonce=0 codeHash="[197 210 70 1 134 247 35 60 146 126 125 178 220 199 3 192 229 0 182 83 202 130 39 59 123 250 216 4 93 133 164 112]"
INFO [06-13|13:13:33.785] stateObjects                             address=0x9a049f5d18C239EfAA258aF9f3E7002949a977a0 object="&{address:[154 4 159 93 24 194 57 239 170 37 138 249 243 231 0 41 73 169 119 160] addrHash:[188 222 11 239 156 189 199 234 248 115 178 79 219 36 24 22 20 94 52 113 75 148 139 130 226 54 27 240 84 16 116 204] data:{Nonce:0 Balance:0xc0051b3400 Root:[86 232 31 23 27 204 85 166 255 131 69 230 146 192 248 110 91 72 224 27 153 108 173 192 1 98 47 181 227 99 180 33] CodeHash:[197 210 70 1 134 247 35 60 146 126 125 178 220 199 3 192 229 0 182 83 202 130 39 59 123 250 216 4 93 133 164 112]} db:0xc0053c4380 trie:<nil> code:[] originStorage:map[[0 0 0 0 0 0 0 0 0 0 0 0 0 0 0 0 0 0 0 0 0 0 0 0 0 0 0 0 0 0 0 0]:[0 0 0 0 0 0 0 0 0 0 0 0 0 0 0 0 0 0 0 0 0 0 0 0 0 0 0 0 0 0 0 0]] pendingStorage:map[] dirtyStorage:map[] dirtyCode:false suicided:false deleted:false}"
INFO [06-13|13:13:33.785] stateAccounts                            address=0x9a049f5d18C239EfAA258aF9f3E7002949a977a0 balance=0                                  nonce=0 codeHash="[197 210 70 1 134 247 35 60 146 126 125 178 220 199 3 192 229 0 182 83 202 130 39 59 123 250 216 4 93 133 164 112]"
INFO [06-13|13:13:33.785] stateObjects                             address=0xA1E4380A3B1f749673E270229993eE55F35663b4 object="&{address:[161 228 56 10 59 31 116 150 115 226 112 34 153 147 238 85 243 86 99 180] addrHash:[239 110 188 120 215 59 133 220 124 129 175 92 222 13 24 167 166 242 106 110 203 59 116 197 137 46 141 192 82 232 77 119] data:{Nonce:4 Balance:0xc0051b3100 Root:[86 232 31 23 27 204 85 166 255 131 69 230 146 192 248 110 91 72 224 27 153 108 173 192 1 98 47 181 227 99 180 33] CodeHash:[197 210 70 1 134 247 35 60 146 126 125 178 220 199 3 192 229 0 182 83 202 130 39 59 123 250 216 4 93 133 164 112]} db:0xc0053c4380 trie:<nil> code:[] originStorage:map[] pendingStorage:map[] dirtyStorage:map[] dirtyCode:false suicided:false deleted:false}"
INFO [06-13|13:13:33.785] stateAccounts                            address=0xA1E4380A3B1f749673E270229993eE55F35663b4 balance=1,996,535,199,999,999,905,989      nonce=4 codeHash="[197 210 70 1 134 247 35 60 146 126 125 178 220 199 3 192 229 0 182 83 202 130 39 59 123 250 216 4 93 133 164 112]"
INFO [06-13|13:13:33.785] "测试中间根"                                  root=0xb5cc8882dc67cb0a4b15ae4d76202829772e0b67181febdb281d2c3454f02f17 txExtraRoot=0x202fdc79415e532f84009d8d5836ec3bb09d3dd75220eab0092603aa53bb2046